101 000
102 00100
098 0010100
081 001010100000
089 001010100001
045 00101010001
035 0010101001
050 001010101
079 0010101100
113 0010101101
058 00101011100
069 00101011101
074 00101011110
090 001010111110
056 001010111111
118 0010110
043 001011100
120 001011101
034 00101111
105 0011
109 01000
104 01001
097 0101
116 0110
100 01110
108 01111
110 1000
111 1001
121 101000
107 10100100
119 10100101
049 101001100
039 101001101
091 101001110
093 101001111
114 10101
010 101100
044 1011010
051 1011011000
037 10110110010
038 10110110011
052 10110110100
065 10110110101
076 10110110110
078 10110110111
080 10110111000
092 101101110010
053 1011011100110
057 1011011100111
071 1011011101
084 101101111
115 10111
112 110000
040 1100010
041 1100011
099 11001
059 1101000
083 1101001000
106 1101001001
123 1101001010
125 1101001011
048 11010011
103 1101010
042 11010110
068 110101110
075 110101111
122 110110000
067 1101100010
072 1101100011
073 1101100100
077 1101100101
060 11011001100
070 11011001101
087 11011001110
095 11011001111
046 11011010
061 11011011
117 110111
032 111